;options
;calculations using internal coordinates
;rotational constants are calculated in MHz
form
-4
rothz
;config
scale
57
57*1.
local
freq
5.
data
Title Card Required
'C1' 0 57 0 0
17 57 0 0 6
17 31 2 0 7
0 57*1 0


'N1'    14.003070    0.40783127    1.01691899    0.00000000
'C2'    12.000000    -0.22990464    0.49233681    1.20411601
'C3'    12.000000    -0.22990464    0.49233681    -1.20411601
'B4'    11.009310    1.52428835    1.85202753    0.00000000
'C5'    12.000000    -0.22990464    -1.02841096    -1.16523503
'H6'    1.007830    -1.26751331    0.84834110    -1.25110691
'H7'    1.007830    0.30698514    0.85887986    -2.08169643
'C8'    12.000000    -0.22990464    -1.02841096    1.16523503
'H9'    1.007830    -1.26751331    0.84834110    1.25110691
'H10'    1.007830    0.30698514    0.85887986    2.08169643
'O11'    15.994910    -0.88393418    -1.50984411    0.00000000
'H12'    1.007830    0.80687720    -1.39679657    -1.19047581
'H13'    1.007830    -0.77408319    -1.44325087    -2.01654287
'H14'    1.007830    0.80687720    -1.39679657    1.19047581
'H15'    1.007830    -0.77408319    -1.44325087    2.01654287
'H16'    1.007830    1.98419621    2.19936250    -1.04978683
'H17'    1.007830    1.98419621    2.19936250    1.04978683


1  2
1  3
1  4
2  8
2  9
2  10
3  5
3  6
3  7
4  16
4  17
5  11
5  12
5  13
8  11
8  14
8  15


2  1  3
2  1  4
1  2  8
1  2  9
1  2  10
3  1  4
1  3  5
1  3  6
1  3  7
1  4  16
1  4  17
8  2  9
8  2  10
2  8  11
2  8  14
2  8  15
9  2  10
5  3  6
5  3  7
3  5  11
3  5  12
3  5  13
6  3  7
16  4  17
11  5  12
11  5  13
5  11  8
12  5  13
11  8  14
11  8  15
14  8  15


1  2  3  4
4  1  16  17


3  4  0  1  2  8  9  10
2  4  0  1  3  5  6  7
2  3  0  1  4  16  17  0
1  9  10  2  8  11  14  15
1  6  7  3  5  11  12  13
5  0  0  11  8  2  14  15
3  12  13  5  11  8  0  0


376.00


136 17


1 2
1 3
1 4
2 8
2 9
2 10
3 5
3 6
3 7
4 16
4 17
5 11
5 12
5 13
8 11
8 14
8 15
1 5
1 6
1 7
1 8
1 9
1 10
1 11
1 12
1 13
1 14
1 15
1 16
1 17
2 3
2 4
2 5
2 6
2 7
2 11
2 12
2 13
2 14
2 15
2 16
2 17
3 4
3 8
3 9
3 10
3 11
3 12
3 13
3 14
3 15
3 16
3 17
4 5
4 6
4 7
4 8
4 9
4 10
4 11
4 12
4 13
4 14
4 15
5 6
5 7
5 8
5 9
5 10
5 14
5 15
5 16
5 17
6 7
6 8
6 9
6 10
6 11
6 12
6 13
6 14
6 15
6 16
6 17
7 8
7 9
7 10
7 11
7 12
7 13
7 14
7 15
7 16
7 17
8 9
8 10
8 12
8 13
8 16
8 17
9 10
9 11
9 12
9 13
9 14
9 15
9 16
9 17
10 11
10 12
10 13
10 14
10 15
10 16
10 17
11 12
11 13
11 14
11 15
11 16
11 17
12 13
12 14
12 15
12 16
12 17
13 14
13 15
13 16
13 17
14 15
14 16
14 17
15 16
15 17
16 17
